2.531786662874329804e-07 7.883812373087352076e-07 6.771230222351793544e-07 6.198916067297028200e-07 5.871547754085822473e-07 5.673466136099335530e-07 5.546532219523152164e-07 5.457778388387588117e-07 5.403945289579862142e-07 5.361787859216503699e-07 5.333019831206115999e-07 5.312980238395960258e-07 5.293516251592843642e-07 5.286001362002567724e-07 5.275368795422269554e-07 5.267055493774102304e-07 5.261947373270189929e-07 5.259964184720509865e-07 5.255388427142381536e-07 5.254912048234884513e-07 5.251699785950513490e-07 5.248263742771619891e-07 5.245852515181296230e-07 5.246183854980528451e-07 5.243956695925239747e-07 5.238686342663276064e-07 5.236024778670132259e-07 5.227137900596659906e-07 5.210281991731826417e-07 5.183212678720054261e-07
7.883812373087352076e-07 2.610994138074566201e-07 8.028117780713982248e-07 6.886533933440372434e-07 6.293316863172336507e-07 5.955398426103470142e-07 5.748442812887669742e-07 5.610358662424176388e-07 5.523931696564904435e-07 5.461566104953579962e-07 5.418887758413033984e-07 5.388286603093812435e-07 5.362723468555571796e-07 5.348975021645833686e-07 5.335294102905623880e-07 5.324366373786715833e-07 5.316738509579489854e-07 5.312917156826835835e-07 5.307442938083678075e-07 5.306310314753216062e-07 5.301618695046581875e-07 5.298512461161391921e-07 5.295306127257159660e-07 5.295201514135573891e-07 5.292499008807625526e-07 5.287144976622107635e-07 5.284331781385348474e-07 5.275314279348039847e-07 5.258340312856812394e-07 5.231685045613586104e-07
6.771230222351793544e-07 8.028117780713982248e-07 2.638534366848539778e-07 8.105678983128809838e-07 6.947200461843675980e-07 6.348089754952013936e-07 6.000077890597675553e-07 5.782129553161641661e-07 5.650541875026820145e-07 5.555864535315880424e-07 5.494122491758795621e-07 5.450224845110156160e-07 5.415263813573546312e-07 5.395514628039722210e-07 5.376523573030913912e-07 5.361053211073114197e-07 5.351301150328272334e-07 5.345900767734229608e-07 5.338551144943750164e-07 5.336491915825141872e-07 5.330442820226212150e-07 5.327043740129130009e-07 5.322911468132622054e-07 5.322457645022948302e-07 5.319406178237804094e-07 5.313814848511991525e-07 5.310829289268855972e-07 5.301643649524066306e-07 5.284635648144171692e-07 5.257935128550376002e-07
6.198916067297028200e-07 6.886533933440372434e-07 8.105678983128809838e-07 2.655110960246897979e-07 8.147347725171785608e-07 6.982868403293207584e-07 6.375354638265455856e-07 6.021700187464435602e-07 5.810508194145577615e-07 5.668791083054081563e-07 5.577828655311422526e-07 5.514124915995975989e-07 5.466377864302302079e-07 5.436293089135515920e-07 5.410503369014920228e-07 5.391478698808489967e-07 5.378073624344899798e-07 5.369535979527402493e-07 5.360433186646645764e-07 5.356829621913715709e-07 5.350134294546598325e-07 5.345409889116758066e-07 5.340963019873349820e-07 5.339966423142517502e-07 5.336568253268163858e-07 5.330257773023082125e-07 5.327404630728348046e-07 5.318053329466067555e-07 5.300885654367619909e-07 5.273928476823782298e-07
5.871547754085822473e-07 6.293316863172336507e-07 6.947200461843675980e-07 8.147347725171785608e-07 2.662689794255152234e-07 8.171698210622752291e-07 7.002539354291157525e-07 6.385601527244459888e-07 6.039272482878832103e-07 5.819158895705108115e-07 5.680852875494912402e-07 5.587076619436310102e-07 5.519178900217485807e-07 5.476422666910115563e-07 5.441809180675287897e-07 5.415916811488897881e-07 5.397864807827342339e-07 5.386248856392084112e-07 5.374359165990649871e-07 5.368729290839248183e-07 5.360515203513406313e-07 5.354793754115860515e-07 5.349422725810013728e-07 5.347861499295701600e-07 5.344169681167067968e-07 5.337228351629744375e-07 5.334088763243824463e-07 5.324458448090435645e-07 5.307117101918591843e-07 5.280022290481884478e-07
5.673466136099335530e-07 5.955398426103470142e-07 6.348089754952013936e-07 6.982868403293207584e-07 8.171698210622752291e-07 2.668716972142341887e-07 8.186400902775220197e-07 7.008476191518990250e-07 6.400845265265571896e-07 6.045764109654102271e-07 5.828710169492031834e-07 5.687717400368634453e-07 5.590681024908175690e-07 5.529081108238096519e-07 5.481494748331265648e-07 5.446369794450382425e-07 5.420370527845139765e-07 5.405256775742100127e-07 5.390308316836936285e-07 5.381979503874211871e-07 5.372335406929753663e-07 5.365047839239579972e-07 5.358112106671969736e-07 5.355824813151500254e-07 5.351361584247027953e-07 5.344419496284891717e-07 5.340835871274642349e-07 5.331004364365812380e-07 5.313354560137071894e-07 5.286155272928783753e-07
5.546532219523152164e-07 5.748442812887669742e-07 6.000077890597675553e-07 6.375354638265455856e-07 7.002539354291157525e-07 8.186400902775220197e-07 2.672733015234317857e-07 8.193017169783508097e-07 7.021242175241831506e-07 6.406672830127482393e-07 6.053494433179136422e-07 5.836006586517328412e-07 5.691418867207487905e-07 5.600443021135438326e-07 5.532167655100315630e-07 5.488982694307291899e-07 5.448823112939444258e-07 5.427695292995793749e-07 5.407942358919827860e-07 5.396123802085859960e-07 5.383570105276470160e-07 5.374381940308996431e-07 5.366398698261973870e-07 5.362903206933608313e-07 5.357859346286137786e-07 5.350391310363397545e-07 5.345938169118967683e-07 5.335717325894390203e-07 5.318047903838503929e-07 5.290174710667905525e-07
5.457778388387588117e-07 5.610358662424176388e-07 5.782129553161641661e-07 6.021700187464435602e-07 6.385601527244459888e-07 7.008476191518990250e-07 8.193017169783508097e-07 2.670194089726975788e-07 8.202780717465442152e-07 7.022907277584497793e-07 6.410467939375348175e-07 6.057126767027110349e-07 5.834899719513697706e-07 5.695729246551492299e-07 5.600203993711440289e-07 5.534613772204381537e-07 5.485624143980638269e-07 5.454611177791867636e-07 5.427698475841232476e-07 5.411594999311221884e-07 5.395838418472127582e-07 5.383603978197694138e-07 5.373879242881729533e-07 5.365743808950251985e-07 5.359198151522017765e-07 5.350888688251243662e-07 5.345777171272760077e-07 5.335024933563239936e-07 5.316940188549007538e-07 5.289447475758738099e-07
5.403945289579862142e-07 5.523931696564904435e-07 5.650541875026820145e-07 5.810508194145577615e-07 6.039272482878832103e-07 6.400845265265571896e-07 7.021242175241831506e-07 8.202780717465442152e-07 2.673975407774313985e-07 8.205765015142714146e-07 7.025705276956035500e-07 6.415424809169492263e-07 6.056139556869863710e-07 5.840620089732390383e-07 5.695656507179745941e-07 5.601622682374016063e-07 5.535058650650956136e-07 5.489731646572959932e-07 5.454213009888818231e-07 5.431463849212833808e-07 5.410550208307907626e-07 5.395466527818280487e-07 5.383107851908518188e-07 5.376090452681403872e-07 5.368110881293629778e-07 5.358878354924449950e-07 5.352715205233621858e-07 5.341267791687112231e-07 5.322688161872000326e-07 5.294121522491926445e-07
5.361787859216503699e-07 5.461566104953579962e-07 5.555864535315880424e-07 5.668791083054081563e-07 5.819158895705108115e-07 6.045764109654102271e-07 6.406672830127482393e-07 7.022907277584497793e-07 8.205765015142714146e-07 2.673315843059295874e-07 8.204936972678152223e-07 7.027044216323115862e-07 6.414223814844074391e-07 6.062564209565837557e-07 5.840883060299178196e-07 5.699144913370933693e-07 5.600522282669457928e-07 5.535981509694074433e-07 5.488019098415256255e-07 5.455544439501797838e-07 5.428426542812484505e-07 5.408925962185893608e-07 5.392911399279156033e-07 5.383293701908058392e-07 5.373370960058836167e-07 5.362509980864879614e-07 5.355438762050222284e-07 5.343154128880520160e-07 5.323916339993372127e-07 5.294895489979923900e-07
5.333019831206115999e-07 5.418887758413033984e-07 5.494122491758795621e-07 5.577828655311422526e-07 5.680852875494912402e-07 5.828710169492031834e-07 6.053494433179136422e-07 6.410467939375348175e-07 7.025705276956035500e-07 8.204936972678152223e-07 2.675361981937474025e-07 8.211210156953354470e-07 7.027800646258444455e-07 6.419785141624413761e-07 6.060502815897365954e-07 5.842620701009050333e-07 5.697143358098939799e-07 5.603070588834560401e-07 5.536704857257247728e-07 5.491918373043145886e-07 5.455950506259787941e-07 5.429314715708537727e-07 5.408956775919259675e-07 5.395854179444018474e-07 5.383468308309026227e-07 5.370649941074592352e-07 5.362140349457747847e-07 5.348722182652385968e-07 5.328586036752510488e-07 5.298679377848438414e-07
5.312980238395960258e-07 5.388286603093812435e-07 5.450224845110156160e-07 5.514124915995975989e-07 5.587076619436310102e-07 5.687717400368634453e-07 5.836006586517328412e-07 6.057126767027110349e-07 6.415424809169492263e-07 7.027044216323115862e-07 8.211210156953354470e-07 2.676977321207601902e-07 8.211001521222608243e-07 7.029626086958275874e-07 6.418096235309309551e-07 6.062907047764625800e-07 5.841953519955174263e-07 5.700997174440057593e-07 5.604377247908317919e-07 5.539949804122841936e-07 5.490002137512023769e-07 5.454399942590304281e-07 5.427505091554134526e-07 5.409849980854554494e-07 5.393959370371503931e-07 5.378618953976178245e-07 5.368149997597564485e-07 5.353273397029723881e-07 5.332005510121859689e-07 5.301352467726247766e-07
5.293516251592843642e-07 5.362723468555571796e-07 5.415263813573546312e-07 5.466377864302302079e-07 5.519178900217485807e-07 5.590681024908175690e-07 5.691418867207487905e-07 5.834899719513697706e-07 6.056139556869863710e-07 6.414223814844074391e-07 7.027800646258444455e-07 8.211001521222608243e-07 2.674553074762818190e-07 8.214027215892977691e-07 7.028868042873710315e-07 6.416853191666229587e-07 6.059703678152685503e-07 5.843609001784071701e-07 5.698934979218487828e-07 5.603309734281826437e-07 5.537091339485111782e-07 5.488692240533827773e-07 5.452571740263041509e-07 5.428670818067016216e-07 5.408239624871587909e-07 5.389324306264690050e-07 5.376344126853506043e-07 5.359463364180794501e-07 5.336508332678593679e-07 5.305054446996573611e-07
5.286001362002567724e-07 5.348975021645833686e-07 5.395514628039722210e-07 5.436293089135515920e-07 5.476422666910115563e-07 5.529081108238096519e-07 5.600443021135438326e-07 5.695729246551492299e-07 5.840620089732390383e-07 6.062564209565837557e-07 6.419785141624413761e-07 7.029626086958275874e-07 8.214027215892977691e-07 2.677851663885265802e-07 8.213351867979046413e-07 7.032382156608557666e-07 6.418549542158498471e-07 6.064828390576865868e-07 5.843524963071111872e-07 5.701886434609924405e-07 5.606285311865552245e-07 5.538182225935882232e-07 5.489123635483312306e-07 5.455981614287330465e-07 5.428961674208729797e-07 5.405501004480217705e-07 5.389029708345230269e-07 5.369478328481500490e-07 5.344864519327246308e-07 5.311707899413625740e-07
5.275368795422269554e-07 5.335294102905623880e-07 5.376523573030913912e-07 5.410503369014920228e-07 5.441809180675287897e-07 5.481494748331265648e-07 5.532167655100315630e-07 5.600203993711440289e-07 5.695656507179745941e-07 5.840883060299178196e-07 6.060502815897365954e-07 6.418096235309309551e-07 7.028868042873710315e-07 8.213351867979046413e-07 2.677140918677007862e-07 8.214125627107538403e-07 7.031079121149835549e-07 6.420742458531088450e-07 6.063001757157733558e-07 5.843565290697669621e-07 5.700784629351714498e-07 5.603301621933861922e-07 5.535387008903784436e-07 5.489740598674126445e-07 5.453219944656586349e-07 5.423057277747369924e-07 5.401621666445399900e-07 5.379060123451034207e-07 5.351848815354102434e-07 5.316225655094554096e-07
5.267055493774102304e-07 5.324366373786715833e-07 5.361053211073114197e-07 5.391478698808489967e-07 5.415916811488897881e-07 5.446369794450382425e-07 5.488982694307291899e-07 5.534613772204381537e-07 5.601622682374016063e-07 5.699144913370933693e-07 5.842620701009050333e-07 6.062907047764625800e-07 6.416853191666229587e-07 7.032382156608557666e-07 8.214125627107538403e-07 2.675951423191163746e-07 8.209693549592681591e-07 7.030446617148879668e-07 6.417485248406475681e-07 6.060547057603647725e-07 5.841364192564581985e-07 5.698102453980784136e-07 5.600853121998556462e-07 5.534690755566076092e-07 5.485349229975916405e-07 5.445561104415967869e-07 5.418510260457410109e-07 5.391394266213546020e-07 5.360184517812533718e-07 5.322280074757228384e-07
5.261947373270189929e-07 5.316738509579489854e-07 5.351301150328272334e-07 5.378073624344899798e-07 5.397864807827342339e-07 5.420370527845139765e-07 5.448823112939444258e-07 5.485624143980638269e-07 5.535058650650956136e-07 5.600522282669457928e-07 5.697143358098939799e-07 5.841953519955174263e-07 6.059703678152685503e-07 6.418549542158498471e-07 7.031079121149835549e-07 8.209693549592681591e-07 2.675948118503928202e-07 8.214166538330692265e-07 7.031336089294268421e-07 6.416057213193636367e-07 6.059922284193022440e-07 5.838368638606051892e-07 5.695482028377968509e-07 5.599288975979936481e-07 5.533844737461459987e-07 5.481730327111799846e-07 5.443928405591357642e-07 5.410285804139267954e-07 5.374310915914721511e-07 5.332483729377228171e-07
5.259964184720509865e-07 5.312917156826835835e-07 5.345900767734229608e-07 5.369535979527402493e-07 5.386248856392084112e-07 5.405256775742100127e-07 5.427695292995793749e-07 5.454611177791867636e-07 5.489731646572959932e-07 5.535981509694074433e-07 5.603070588834560401e-07 5.700997174440057593e-07 5.843609001784071701e-07 6.064828390576865868e-07 6.420742458531088450e-07 7.030446617148879668e-07 8.214166538330692265e-07 2.677934405920215843e-07 8.212796276262380101e-07 7.031927538445824475e-07 6.419072717596547843e-07 6.063892395594251976e-07 5.841741965893214228e-07 5.699415727593924251e-07 5.601208471364087973e-07 5.529776077508266480e-07 5.479874623098355767e-07 5.436441593681435627e-07 5.394216889267897591e-07 5.347721485385055637e-07
5.255388427142381536e-07 5.307442938083678075e-07 5.338551144943750164e-07 5.360433186646645764e-07 5.374359165990649871e-07 5.390308316836936285e-07 5.407942358919827860e-07 5.427698475841232476e-07 5.454213009888818231e-07 5.488019098415256255e-07 5.536704857257247728e-07 5.604377247908317919e-07 5.698934979218487828e-07 5.843524963071111872e-07 6.063001757157733558e-07 6.417485248406475681e-07 7.031336089294268421e-07 8.212796276262380101e-07 2.676275731364230261e-07 8.209962923845944119e-07 7.030183675746682427e-07 6.416642209673025715e-07 6.059580484069443477e-07 5.840012082831861723e-07 5.694492323239823471e-07 5.594182588360627554e-07 5.524889987911728293e-07 5.468475143136149924e-07 5.416425245473985581e-07 5.363535745672626263e-07
5.254912048234884513e-07 5.306310314753216062e-07 5.336491915825141872e-07 5.356829621913715709e-07 5.368729290839248183e-07 5.381979503874211871e-07 5.396123802085859960e-07 5.411594999311221884e-07 5.431463849212833808e-07 5.455544439501797838e-07 5.491918373043145886e-07 5.539949804122841936e-07 5.603309734281826437e-07 5.701886434609924405e-07 5.843565290697669621e-07 6.060547057603647725e-07 6.416057213193636367e-07 7.031927538445824475e-07 8.209962923845944119e-07 2.678637178283859948e-07 8.208593596867908412e-07 7.027366896085863548e-07 6.414126394233519524e-07 6.058275206602807868e-07 5.836132375306704418e-07 5.688570264851797687e-07 5.588937554331296223e-07 5.513193801364993764e-07 5.447353565458124485e-07 5.384396718792659592e-07
5.251699785950513490e-07 5.301618695046581875e-07 5.330442820226212150e-07 5.350134294546598325e-07 5.360515203513406313e-07 5.372335406929753663e-07 5.383570105276470160e-07 5.395838418472127582e-07 5.410550208307907626e-07 5.428426542812484505e-07 5.455950506259787941e-07 5.490002137512023769e-07 5.537091339485111782e-07 5.606285311865552245e-07 5.700784629351714498e-07 5.841364192564581985e-07 6.059922284193022440e-07 6.419072717596547843e-07 7.030183675746682427e-07 8.208593596867908412e-07 2.676903762123575897e-07 8.206314553761134337e-07 7.027889548490481703e-07 6.413656586354315744e-07 6.056398544465564203e-07 5.829509436471266022e-07 5.683202797834358102e-07 5.577621830770231583e-07 5.492665189505618299e-07 5.415587690471136350e-07
5.248263742771619891e-07 5.298512461161391921e-07 5.327043740129130009e-07 5.345409889116758066e-07 5.354793754115860515e-07 5.365047839239579972e-07 5.374381940308996431e-07 5.383603978197694138e-07 5.395466527818280487e-07 5.408925962185893608e-07 5.429314715708537727e-07 5.454399942590304281e-07 5.488692240533827773e-07 5.538182225935882232e-07 5.603301621933861922e-07 5.698102453980784136e-07 5.838368638606051892e-07 6.063892395594251976e-07 6.416642209673025715e-07 7.027366896085863548e-07 8.206314553761134337e-07 2.675429772019049919e-07 8.208592774833541939e-07 7.024205251771716163e-07 6.410302407593240493e-07 6.048194587980116348e-07 5.823476772456760440e-07 5.672181232002611808e-07 5.556818049759027529e-07 5.460499059737829794e-07
5.245852515181296230e-07 5.295306127257159660e-07 5.322911468132622054e-07 5.340963019873349820e-07 5.349422725810013728e-07 5.358112106671969736e-07 5.366398698261973870e-07 5.373879242881729533e-07 5.383107851908518188e-07 5.392911399279156033e-07 5.408956775919259675e-07 5.427505091554134526e-07 5.452571740263041509e-07 5.489123635483312306e-07 5.535387008903784436e-07 5.600853121998556462e-07 5.695482028377968509e-07 5.841741965893214228e-07 6.059580484069443477e-07 6.414126394233519524e-07 7.027889548490481703e-07 8.208592774833541939e-07 2.673765719441679906e-07 8.202659108239401943e-07 7.020798709232587681e-07 6.399914214810514199e-07 6.042717823582788458e-07 5.810709964060402395e-07 5.649197742329582336e-07 5.521696436078726412e-07
5.246183854980528451e-07 5.295201514135573891e-07 5.322457645022948302e-07 5.339966423142517502e-07 5.347861499295701600e-07 5.355824813151500254e-07 5.362903206933608313e-07 5.365743808950251985e-07 5.376090452681403872e-07 5.383293701908058392e-07 5.395854179444018474e-07 5.409849980854554494e-07 5.428670818067016216e-07 5.455981614287330465e-07 5.489740598674126445e-07 5.534690755566076092e-07 5.599288975979936481e-07 5.699415727593924251e-07 5.840012082831861723e-07 6.058275206602807868e-07 6.413656586354315744e-07 7.024205251771716163e-07 8.202659108239401943e-07 2.674858674363803740e-07 8.199999669154733878e-07 7.013258962817887862e-07 6.394977321047016440e-07 6.029405171384461527e-07 5.786435402911403933e-07 5.612745322404447791e-07
5.243956695925239747e-07 5.292499008807625526e-07 5.319406178237804094e-07 5.336568253268163858e-07 5.344169681167067968e-07 5.351361584247027953e-07 5.357859346286137786e-07 5.359198151522017765e-07 5.368110881293629778e-07 5.373370960058836167e-07 5.383468308309026227e-07 5.393959370371503931e-07 5.408239624871587909e-07 5.428961674208729797e-07 5.453219944656586349e-07 5.485349229975916405e-07 5.533844737461459987e-07 5.601208471364087973e-07 5.694492323239823471e-07 5.836132375306704418e-07 6.056398544465564203e-07 6.410302407593240493e-07 7.020798709232587681e-07 8.199999669154733878e-07 2.672993426499000181e-07 8.192541056565901842e-07 7.001847988122726221e-07 6.379077143370924234e-07 6.000672730010145935e-07 5.746790764564978106e-07
5.238686342663276064e-07 5.287144976622107635e-07 5.313814848511991525e-07 5.330257773023082125e-07 5.337228351629744375e-07 5.344419496284891717e-07 5.350391310363397545e-07 5.350888688251243662e-07 5.358878354924449950e-07 5.362509980864879614e-07 5.370649941074592352e-07 5.378618953976178245e-07 5.389324306264690050e-07 5.405501004480217705e-07 5.423057277747369924e-07 5.445561104415967869e-07 5.481730327111799846e-07 5.529776077508266480e-07 5.594182588360627554e-07 5.688570264851797687e-07 5.829509436471266022e-07 6.048194587980116348e-07 6.399914214810514199e-07 7.013258962817887862e-07 8.192541056565901842e-07 2.668458621181301878e-07 8.174887410675787591e-07 6.980123807522677936e-07 6.345012185191783580e-07 5.953165686441309735e-07
5.236024778670132259e-07 5.284331781385348474e-07 5.310829289268855972e-07 5.327404630728348046e-07 5.334088763243824463e-07 5.340835871274642349e-07 5.345938169118967683e-07 5.345777171272760077e-07 5.352715205233621858e-07 5.355438762050222284e-07 5.362140349457747847e-07 5.368149997597564485e-07 5.376344126853506043e-07 5.389029708345230269e-07 5.401621666445399900e-07 5.418510260457410109e-07 5.443928405591357642e-07 5.479874623098355767e-07 5.524889987911728293e-07 5.588937554331296223e-07 5.683202797834358102e-07 5.823476772456760440e-07 6.042717823582788458e-07 6.394977321047016440e-07 7.001847988122726221e-07 8.174887410675787591e-07 2.666211153409237825e-07 8.149666157445550375e-07 6.945826994902436248e-07 6.293742065524324407e-07
5.227137900596659906e-07 5.275314279348039847e-07 5.301643649524066306e-07 5.318053329466067555e-07 5.324458448090435645e-07 5.331004364365812380e-07 5.335717325894390203e-07 5.335024933563239936e-07 5.341267791687112231e-07 5.343154128880520160e-07 5.348722182652385968e-07 5.353273397029723881e-07 5.359463364180794501e-07 5.369478328481500490e-07 5.379060123451034207e-07 5.391394266213546020e-07 5.410285804139267954e-07 5.436441593681435627e-07 5.468475143136149924e-07 5.513193801364993764e-07 5.577621830770231583e-07 5.672181232002611808e-07 5.810709964060402395e-07 6.029405171384461527e-07 6.379077143370924234e-07 6.980123807522677936e-07 8.149666157445550375e-07 2.657649361944081737e-07 8.104372306256624285e-07 6.883528890573936199e-07
5.210281991731826417e-07 5.258340312856812394e-07 5.284635648144171692e-07 5.300885654367619909e-07 5.307117101918591843e-07 5.313354560137071894e-07 5.318047903838503929e-07 5.316940188549007538e-07 5.322688161872000326e-07 5.323916339993372127e-07 5.328586036752510488e-07 5.332005510121859689e-07 5.336508332678593679e-07 5.344864519327246308e-07 5.351848815354102434e-07 5.360184517812533718e-07 5.374310915914721511e-07 5.394216889267897591e-07 5.416425245473985581e-07 5.447353565458124485e-07 5.492665189505618299e-07 5.556818049759027529e-07 5.649197742329582336e-07 5.786435402911403933e-07 6.000672730010145935e-07 6.345012185191783580e-07 6.945826994902436248e-07 8.104372306256624285e-07 2.641327993925881895e-07 8.028256626864918115e-07
5.183212678720054261e-07 5.231685045613586104e-07 5.257935128550376002e-07 5.273928476823782298e-07 5.280022290481884478e-07 5.286155272928783753e-07 5.290174710667905525e-07 5.289447475758738099e-07 5.294121522491926445e-07 5.294895489979923900e-07 5.298679377848438414e-07 5.301352467726247766e-07 5.305054446996573611e-07 5.311707899413625740e-07 5.316225655094554096e-07 5.322280074757228384e-07 5.332483729377228171e-07 5.347721485385055637e-07 5.363535745672626263e-07 5.384396718792659592e-07 5.415587690471136350e-07 5.460499059737829794e-07 5.521696436078726412e-07 5.612745322404447791e-07 5.746790764564978106e-07 5.953165686441309735e-07 6.293742065524324407e-07 6.883528890573936199e-07 8.028256626864918115e-07 2.614621641294657847e-07
