5.063573325748659609e-07 2.741031572138456071e-07 1.600909192628923962e-07 1.012018444175800417e-07 6.770712969563399055e-08 4.729625010826638390e-08 3.420125414145050317e-08 2.557976357862819954e-08 1.981832189312178233e-08 1.566853532828785507e-08 1.258711863943116402e-08 1.042162543140290807e-08 8.717651395569564817e-09 7.636303524297211711e-09 6.644121387093135741e-09 5.931740770860928288e-09 5.421259189193192290e-09 5.024311592596368820e-09 4.732603290382199990e-09 4.448820707669423181e-09 4.300936095260725999e-09 4.104730787824069711e-09 4.030013286528599039e-09 3.953851774239543599e-09 3.917660655190976168e-09 3.844105860764491115e-09 3.802696238656410025e-09 3.770187577824836513e-09 3.716733493161418832e-09 3.680437455106607963e-09
2.741031572138456071e-07 5.221988276149132402e-07 2.778589275790876269e-07 1.620428835118908253e-07 1.019632930842618602e-07 6.756873158865620544e-08 4.647156595787851543e-08 3.291704346226349290e-08 2.389621507160247775e-08 1.772561238197173576e-08 1.325316384009942867e-08 1.003151438116438027e-08 7.717625571818740488e-09 6.012921968600168289e-09 4.715904615405034573e-09 3.742081252098535657e-09 2.979625300099545116e-09 2.398861283205432036e-09 2.017306864488108304e-09 1.667899839479044246e-09 1.372079484844030714e-09 1.208855106777527086e-09 1.054626974091408245e-09 9.348701697203420544e-10 8.511444234059143752e-10 7.692217366239027102e-10 7.126489901544977586e-10 6.670779329391909038e-10 6.018180856364827516e-10 6.069266244362584746e-10
1.600909192628923962e-07 2.778589275790876269e-07 5.277068733697079555e-07 2.812033656033372081e-07 1.645976300739983439e-07 1.040838415961132271e-07 6.888105085148184478e-08 4.734010965861255667e-08 3.380321004039658525e-08 2.440143254080453025e-08 1.802261429727812890e-08 1.347131570540150102e-08 1.021763719621883440e-08 7.912859730591663006e-09 6.084828750536574260e-09 4.656742103341120258e-09 3.681866497580435440e-09 2.943199496547345824e-09 2.374104673098065419e-09 1.932037069274161685e-09 1.500469125409594631e-09 1.307960126154084188e-09 1.061138184240184148e-09 9.064603810605313940e-10 7.878384890264135220e-10 6.821860482150398611e-10 6.083769011077840231e-10 5.459920731444791342e-10 4.773287369749490248e-10 4.779120407177847831e-10
1.012018444175800417e-07 1.620428835118908253e-07 2.812033656033372081e-07 5.310221920493795958e-07 2.829546970669735924e-07 1.659040470903967719e-07 1.047510662784239490e-07 6.963951374905623646e-08 4.814218261243661803e-08 3.403642797478871809e-08 2.473557131270510504e-08 1.820366345414755788e-08 1.367138292925859100e-08 1.033304650033521383e-08 7.825149009101491547e-09 6.041631537042771186e-09 4.701454559407361672e-09 3.649061336028920102e-09 2.904649503551699455e-09 2.308148338295831112e-09 1.811957217612497885e-09 1.486915685080963797e-09 1.208634018477246428e-09 9.996788531815252855e-10 8.463866522265698012e-10 6.688191594881738827e-10 6.082517072212772016e-10 5.293007275087838377e-10 4.446700194840563935e-10 4.195875282227000429e-10
6.770712969563399055e-08 1.019632930842618602e-07 1.645976300739983439e-07 2.829546970669735924e-07 5.325379588510304468e-07 2.840291444225258699e-07 1.667116544801687434e-07 1.052717643262331867e-07 7.026072808493658839e-08 4.831532583906600075e-08 3.428010993022861424e-08 2.474095039735559662e-08 1.819360311995148540e-08 1.358812087696980561e-08 1.019784677431278011e-08 7.727559404258190089e-09 5.922689506826243270e-09 4.562465621671603591e-09 3.539364037126737553e-09 2.740231830023600126e-09 2.092164713467818267e-09 1.667418784165836207e-09 1.296721211318158895e-09 1.031303067674562625e-09 8.486460412915024226e-10 6.079936193290263276e-10 5.187815579434404645e-10 4.119291891202203718e-10 3.099313737557714743e-10 2.710854932074396759e-10
4.729625010826638390e-08 6.756873158865620544e-08 1.040838415961132271e-07 1.659040470903967719e-07 2.840291444225258699e-07 5.337433944284683773e-07 2.844950915398559923e-07 1.669565129649673106e-07 1.058152885348916554e-07 7.037312944524639814e-08 4.846312154122164513e-08 3.420231070186901352e-08 2.474109780030156133e-08 1.825124722104888305e-08 1.356368575119164282e-08 1.017013991168762630e-08 7.570543719886967656e-09 5.860539767954292718e-09 4.531561333036360768e-09 3.462535344801056614e-09 2.671467266383640929e-09 2.090109507818763624e-09 1.562941508794847362e-09 1.224916664535409746e-09 9.651185605685885145e-10 7.243902961247422826e-10 5.907745723063167635e-10 4.638030279388756505e-10 3.309594068848642010e-10 2.816659491784548363e-10
3.420125414145050317e-08 4.647156595787851543e-08 6.888105085148184478e-08 1.047510662784239490e-07 1.667116544801687434e-07 2.844950915398559923e-07 5.345466030468635715e-07 2.850090064822214452e-07 1.674533752233199663e-07 1.060623971833868661e-07 7.053994360073445390e-08 4.862962500754086526e-08 3.441327772103523873e-08 2.498583420158541369e-08 1.822937211889899099e-08 1.402982558818102956e-08 1.001419792011976692e-08 7.702787184126004898e-09 5.893361232127974140e-09 4.475360856768215528e-09 3.393332791857640578e-09 2.621915305562865441e-09 1.989996358597610678e-09 1.531151733548671503e-09 1.213290455282027763e-09 9.199673947777809843e-10 6.994000475412001487e-10 5.334948715990079184e-10 3.986894678304176589e-10 2.820054138929820021e-10
2.557976357862819954e-08 3.291704346226349290e-08 4.734010965861255667e-08 6.963951374905623646e-08 1.052717643262331867e-07 1.669565129649673106e-07 2.850090064822214452e-07 5.340388179453951575e-07 2.858611219964152379e-07 1.679397344798226132e-07 1.064911867710898362e-07 7.099553560925326597e-08 4.901525550239031992e-08 3.476834929392512393e-08 2.528689853074566391e-08 1.884682592862420034e-08 1.394819357497348090e-08 1.064826821446760059e-08 8.122865475002642736e-09 6.276373130038614853e-09 4.874056662157589817e-09 3.798011645166843142e-09 2.991943371307384010e-09 2.069104485947245716e-09 1.601063529604126723e-09 1.223597734296599661e-09 9.371928136546465424e-10 7.181481892182941054e-10 5.418104896149856039e-10 4.631744737104464600e-10
1.981832189312178233e-08 2.389621507160247775e-08 3.380321004039658525e-08 4.814218261243661803e-08 7.026072808493658839e-08 1.058152885348916554e-07 1.674533752233199663e-07 2.858611219964152379e-07 5.347950815548627971e-07 2.858473764309104287e-07 1.676367887244247489e-07 1.064472080187576376e-07 7.076110743327310055e-08 4.887930180728111248e-08 3.445401807284240929e-08 2.516958514085383320e-08 1.851351243727144778e-08 1.378218328784301037e-08 1.039618707502739845e-08 7.885126315465987513e-09 5.967103841001774395e-09 4.606134802491658231e-09 3.536672469252429722e-09 2.725637054328614638e-09 2.114204702031508278e-09 1.644432596883408733e-09 1.252864405007004805e-09 9.643021968717037853e-10 7.384760171804446299e-10 5.524473422954611791e-10
1.566853532828785507e-08 1.772561238197173576e-08 2.440143254080453025e-08 3.403642797478871809e-08 4.831532583906600075e-08 7.037312944524639814e-08 1.060623971833868661e-07 1.679397344798226132e-07 2.858473764309104287e-07 5.346631686118591747e-07 2.856259147681382324e-07 1.676751052056218087e-07 1.066354897021960857e-07 7.113967026212753520e-08 4.904262985628744594e-08 3.498776471204740731e-08 2.512583211062333225e-08 1.847312607145627168e-08 1.384275239917301205e-08 1.035914181586420169e-08 7.820693762961273513e-09 6.018034710754781466e-09 4.582983677818025429e-09 3.511918448495877862e-09 2.706169050054064194e-09 2.073551662428186301e-09 1.591176558168858552e-09 1.218892387714201989e-09 9.272503008194358970e-10 6.958005625970179354e-10
1.258711863943116402e-08 1.325316384009942867e-08 1.802261429727812890e-08 2.473557131270510504e-08 3.428010993022861424e-08 4.846312154122164513e-08 7.053994360073445390e-08 1.064911867710898362e-07 1.676367887244247489e-07 2.856259147681382324e-07 5.350723963874948051e-07 2.858870853808278543e-07 1.677885589558151711e-07 1.066571495801674463e-07 7.079999152828840662e-08 4.913072958804125617e-08 3.458332576575381010e-08 2.497742009768705329e-08 1.850671439555434410e-08 1.379192128218119130e-08 1.036847621987380188e-08 7.852296175201378243e-09 5.982907454010574431e-09 4.563352314274070883e-09 3.511289987255149137e-09 2.682933795581644878e-09 2.056721411103599746e-09 1.571083877083073542e-09 1.189606088915456765e-09 8.695754616306540738e-10
1.042162543140290807e-08 1.003151438116438027e-08 1.347131570540150102e-08 1.820366345414755788e-08 2.474095039735559662e-08 3.420231070186901352e-08 4.862962500754086526e-08 7.099553560925326597e-08 1.064472080187576376e-07 1.676751052056218087e-07 2.858870853808278543e-07 5.353954642415203804e-07 2.859471125252188681e-07 1.674797101865407640e-07 1.063977995424699787e-07 7.099783033658601524e-08 4.890280802436436297e-08 3.460854473122398481e-08 2.511241953364857559e-08 1.843353046313800862e-08 1.361210541808459703e-08 1.019928493636524601e-08 7.676205090485271868e-09 5.801398528314885142e-09 4.398862266490237740e-09 3.318301158727446533e-09 2.496152298072475837e-09 1.864671387803971257e-09 1.370019498837589179e-09 9.753505223988016368e-10
8.717651395569564817e-09 7.717625571818740488e-09 1.021763719621883440e-08 1.367138292925859100e-08 1.819360311995148540e-08 2.474109780030156133e-08 3.441327772103523873e-08 4.901525550239031992e-08 7.076110743327310055e-08 1.066354897021960857e-07 1.677885589558151711e-07 2.859471125252188681e-07 5.349106149525636380e-07 2.861622477244893699e-07 1.677174049433883733e-07 1.066348693712248181e-07 7.092024848859391116e-08 4.911215211010371388e-08 3.481061730914399059e-08 2.501194812351477702e-08 1.856345025987171665e-08 1.387093937519601935e-08 1.042529460585428838e-08 7.925906894039481497e-09 6.069312360976953833e-09 4.631261032057051181e-09 3.557989868144949946e-09 2.726092747389457371e-09 2.062726398989306536e-09 1.587973093909704486e-09
7.636303524297211711e-09 6.012921968600168289e-09 7.912859730591663006e-09 1.033304650033521383e-08 1.358812087696980561e-08 1.825124722104888305e-08 2.498583420158541369e-08 3.476834929392512393e-08 4.887930180728111248e-08 7.113967026212753520e-08 1.066571495801674463e-07 1.674797101865407640e-07 2.861622477244893699e-07 5.355703327770531604e-07 2.858359285416773278e-07 1.678579069532127589e-07 1.064749759769304467e-07 7.090423207713847524e-08 4.893975678216152788e-08 3.453975924407991842e-08 2.515298858567110757e-08 1.849007900315659815e-08 1.375062521563671275e-08 1.032712760382603929e-08 7.811658382446381398e-09 5.919071941364949620e-09 4.496689105072717192e-09 3.397730265215295109e-09 2.568486151609914021e-09 1.923459423370261995e-09
6.644121387093135741e-09 4.715904615405034573e-09 6.084828750536574260e-09 7.825149009101491547e-09 1.019784677431278011e-08 1.356368575119164282e-08 1.822937211889899099e-08 2.528689853074566391e-08 3.445401807284240929e-08 4.904262985628744594e-08 7.079999152828840662e-08 1.063977995424699787e-07 1.677174049433883733e-07 2.858359285416773278e-07 5.354281837354015725e-07 2.861033285239366795e-07 1.677990083968900014e-07 1.065667133933864745e-07 7.095851071164954342e-08 4.877871937368018109e-08 3.467399485511307386e-08 2.507309312378041408e-08 1.844803707850966677e-08 1.377410056333148423e-08 1.030855994805777765e-08 7.745773788906018433e-09 5.826959435915421317e-09 4.426984282994513747e-09 3.337990275121267628e-09 2.446309512288838628e-09
5.931740770860928288e-09 3.742081252098535657e-09 4.656742103341120258e-09 6.041631537042771186e-09 7.727559404258190089e-09 1.017013991168762630e-08 1.402982558818102956e-08 1.884682592862420034e-08 2.516958514085383320e-08 3.498776471204740731e-08 4.913072958804125617e-08 7.099783033658601524e-08 1.066348693712248181e-07 1.678579069532127589e-07 2.861033285239366795e-07 5.351902846382327492e-07 2.857794007897589114e-07 1.676560788037500080e-07 1.065258093851081674e-07 7.059584561286240316e-08 4.885090072498423429e-08 3.467212587705704703e-08 2.511359793657128108e-08 1.838806580111086063e-08 1.364043802857530072e-08 1.011510600435022452e-08 7.634768385700853832e-09 5.779348107830000810e-09 4.290510069548807723e-09 3.170701027140679046e-09
5.421259189193192290e-09 2.979625300099545116e-09 3.681866497580435440e-09 4.701454559407361672e-09 5.922689506826243270e-09 7.570543719886967656e-09 1.001419792011976692e-08 1.394819357497348090e-08 1.851351243727144778e-08 2.512583211062333225e-08 3.458332576575381010e-08 4.890280802436436297e-08 7.092024848859391116e-08 1.064749759769304467e-07 1.677990083968900014e-07 2.857794007897589114e-07 5.351896237007856404e-07 2.860284013906548750e-07 1.679112239426109428e-07 1.061471916405848746e-07 7.070704035655188711e-08 4.869907480830732414e-08 3.457681904323609309e-08 2.484821831122040093e-08 1.849031924585316044e-08 1.373235874265692367e-08 1.017691336781921450e-08 7.668832369125801498e-09 5.703480348491194380e-09 4.191396957864265075e-09
5.024311592596368820e-09 2.398861283205432036e-09 2.943199496547345824e-09 3.649061336028920102e-09 4.562465621671603591e-09 5.860539767954292718e-09 7.702787184126004898e-09 1.064826821446760059e-08 1.378218328784301037e-08 1.847312607145627168e-08 2.497742009768705329e-08 3.460854473122398481e-08 4.911215211010371388e-08 7.090423207713847524e-08 1.065667133933864745e-07 1.676560788037500080e-07 2.860284013906548750e-07 5.355868811840431685e-07 2.858586138977933997e-07 1.675355954241748685e-07 1.064234549552756104e-07 7.105282176549862138e-08 4.900418405313184795e-08 3.466226473099046686e-08 2.502806389448714201e-08 1.833830504067487594e-08 1.357290637689020997e-08 1.008578258171385764e-08 7.495448942179985323e-09 5.516543817018194750e-09
4.732603290382199990e-09 2.017306864488108304e-09 2.374104673098065419e-09 2.904649503551699455e-09 3.539364037126737553e-09 4.531561333036360768e-09 5.893361232127974140e-09 8.122865475002642736e-09 1.039618707502739845e-08 1.384275239917301205e-08 1.850671439555434410e-08 2.511241953364857559e-08 3.481061730914399059e-08 4.893975678216152788e-08 7.095851071164954342e-08 1.065258093851081674e-07 1.679112239426109428e-07 2.858586138977933997e-07 5.352551462728460523e-07 2.855050014197853910e-07 1.677004182258876269e-07 1.064936706289745534e-07 7.095390332635333099e-08 4.888776771038277219e-08 3.452231653765935582e-08 2.494482358150954146e-08 1.824031031382602072e-08 1.345500498278373968e-08 9.882152018387342475e-09 7.263837301373815455e-09
4.448820707669423181e-09 1.667899839479044246e-09 1.932037069274161685e-09 2.308148338295831112e-09 2.740231830023600126e-09 3.462535344801056614e-09 4.475360856768215528e-09 6.276373130038614853e-09 7.885126315465987513e-09 1.035914181586420169e-08 1.379192128218119130e-08 1.843353046313800862e-08 2.501194812351477702e-08 3.453975924407991842e-08 4.877871937368018109e-08 7.059584561286240316e-08 1.061471916405848746e-07 1.675355954241748685e-07 2.855050014197853910e-07 5.357274356567719895e-07 2.853052656460472568e-07 1.673299945782953681e-07 1.061723496507979671e-07 7.047793539551441802e-08 4.845017705238437600e-08 3.414744653866358620e-08 2.440892226381984506e-08 1.769072611370526086e-08 1.273883932483826429e-08 9.113789921414179692e-09
4.300936095260725999e-09 1.372079484844030714e-09 1.500469125409594631e-09 1.811957217612497885e-09 2.092164713467818267e-09 2.671467266383640929e-09 3.393332791857640578e-09 4.874056662157589817e-09 5.967103841001774395e-09 7.820693762961273513e-09 1.036847621987380188e-08 1.361210541808459703e-08 1.856345025987171665e-08 2.515298858567110757e-08 3.467399485511307386e-08 4.885090072498423429e-08 7.070704035655188711e-08 1.064234549552756104e-07 1.677004182258876269e-07 2.853052656460472568e-07 5.353807524247151793e-07 2.853981019618508521e-07 1.677220066925225901e-07 1.061894149866936108e-07 7.065013558429875959e-08 4.841470531663882482e-08 3.400878823015443808e-08 2.430687067025744790e-08 1.744334334561605080e-08 1.240622870529026057e-08
4.104730787824069711e-09 1.208855106777527086e-09 1.307960126154084188e-09 1.486915685080963797e-09 1.667418784165836207e-09 2.090109507818763624e-09 2.621915305562865441e-09 3.798011645166843142e-09 4.606134802491658231e-09 6.018034710754781466e-09 7.852296175201378243e-09 1.019928493636524601e-08 1.387093937519601935e-08 1.849007900315659815e-08 2.507309312378041408e-08 3.467212587705704703e-08 4.869907480830732414e-08 7.105282176549862138e-08 1.064936706289745534e-07 1.673299945782953681e-07 2.853981019618508521e-07 5.350859544038099839e-07 2.859397283372812114e-07 1.673916805388862503e-07 1.061879209075190922e-07 7.043061947797645513e-08 4.818358470284726966e-08 3.391020980394796228e-08 2.400602838140957149e-08 1.704476464241220277e-08
4.030013286528599039e-09 1.054626974091408245e-09 1.061138184240184148e-09 1.208634018477246428e-09 1.296721211318158895e-09 1.562941508794847362e-09 1.989996358597610678e-09 2.991943371307384010e-09 3.536672469252429722e-09 4.582983677818025429e-09 5.982907454010574431e-09 7.676205090485271868e-09 1.042529460585428838e-08 1.375062521563671275e-08 1.844803707850966677e-08 2.511359793657128108e-08 3.457681904323609309e-08 4.900418405313184795e-08 7.095390332635333099e-08 1.061723496507979671e-07 1.677220066925225901e-07 2.859397283372812114e-07 5.347531438883359811e-07 2.854034714433918297e-07 1.674039563291907065e-07 1.057689874187532416e-07 7.027409507318707281e-08 4.792948826746412815e-08 3.341040289620205360e-08 2.333090753423886595e-08
3.953851774239543599e-09 9.348701697203420544e-10 9.064603810605313940e-10 9.996788531815252855e-10 1.031303067674562625e-09 1.224916664535409746e-09 1.531151733548671503e-09 2.069104485947245716e-09 2.725637054328614638e-09 3.511918448495877862e-09 4.563352314274070883e-09 5.801398528314885142e-09 7.925906894039481497e-09 1.032712760382603929e-08 1.377410056333148423e-08 1.838806580111086063e-08 2.484821831122040093e-08 3.466226473099046686e-08 4.888776771038277219e-08 7.047793539551441802e-08 1.061894149866936108e-07 1.673916805388862503e-07 2.854034714433918297e-07 5.349717348727607480e-07 2.852147568291930486e-07 1.669941667272782244e-07 1.053907493273974875e-07 6.968971350765755206e-08 4.702487346217182978e-08 3.232650067459862032e-08
3.917660655190976168e-09 8.511444234059143752e-10 7.878384890264135220e-10 8.463866522265698012e-10 8.486460412915024226e-10 9.651185605685885145e-10 1.213290455282027763e-09 1.601063529604126723e-09 2.114204702031508278e-09 2.706169050054064194e-09 3.511289987255149137e-09 4.398862266490237740e-09 6.069312360976953833e-09 7.811658382446381398e-09 1.030855994805777765e-08 1.364043802857530072e-08 1.849031924585316044e-08 2.502806389448714201e-08 3.452231653765935582e-08 4.845017705238437600e-08 7.065013558429875959e-08 1.061879209075190922e-07 1.674039563291907065e-07 2.852147568291930486e-07 5.345986852998000362e-07 2.851089008885600313e-07 1.662643408214487687e-07 1.048434354927842316e-07 6.863513095852633296e-08 4.591756967713195481e-08
3.844105860764491115e-09 7.692217366239027102e-10 6.821860482150398611e-10 6.688191594881738827e-10 6.079936193290263276e-10 7.243902961247422826e-10 9.199673947777809843e-10 1.223597734296599661e-09 1.644432596883408733e-09 2.073551662428186301e-09 2.682933795581644878e-09 3.318301158727446533e-09 4.631261032057051181e-09 5.919071941364949620e-09 7.745773788906018433e-09 1.011510600435022452e-08 1.373235874265692367e-08 1.833830504067487594e-08 2.494482358150954146e-08 3.414744653866358620e-08 4.841470531663882482e-08 7.043061947797645513e-08 1.057689874187532416e-07 1.669941667272782244e-07 2.851089008885600313e-07 5.336917242362603755e-07 2.840217636085247889e-07 1.654015824397293792e-07 1.035225570084599808e-07 6.700854239653500104e-08
3.802696238656410025e-09 7.126489901544977586e-10 6.083769011077840231e-10 6.082517072212772016e-10 5.187815579434404645e-10 5.907745723063167635e-10 6.994000475412001487e-10 9.371928136546465424e-10 1.252864405007004805e-09 1.591176558168858552e-09 2.056721411103599746e-09 2.496152298072475837e-09 3.557989868144949946e-09 4.496689105072717192e-09 5.826959435915421317e-09 7.634768385700853832e-09 1.017691336781921450e-08 1.357290637689020997e-08 1.824031031382602072e-08 2.440892226381984506e-08 3.400878823015443808e-08 4.818358470284726966e-08 7.027409507318707281e-08 1.053907493273974875e-07 1.662643408214487687e-07 2.840217636085247889e-07 5.332422306818475649e-07 2.825805642092231343e-07 1.638287847567316529e-07 1.012909270820428735e-07
3.770187577824836513e-09 6.670779329391909038e-10 5.459920731444791342e-10 5.293007275087838377e-10 4.119291891202203718e-10 4.638030279388756505e-10 5.334948715990079184e-10 7.181481892182941054e-10 9.643021968717037853e-10 1.218892387714201989e-09 1.571083877083073542e-09 1.864671387803971257e-09 2.726092747389457371e-09 3.397730265215295109e-09 4.426984282994513747e-09 5.779348107830000810e-09 7.668832369125801498e-09 1.008578258171385764e-08 1.345500498278373968e-08 1.769072611370526086e-08 2.430687067025744790e-08 3.391020980394796228e-08 4.792948826746412815e-08 6.968971350765755206e-08 1.048434354927842316e-07 1.654015824397293792e-07 2.825805642092231343e-07 5.315298723888163474e-07 2.805394950386661183e-07 1.611257887335197144e-07
3.716733493161418832e-09 6.018180856364827516e-10 4.773287369749490248e-10 4.446700194840563935e-10 3.099313737557714743e-10 3.309594068848642010e-10 3.986894678304176589e-10 5.418104896149856039e-10 7.384760171804446299e-10 9.272503008194358970e-10 1.189606088915456765e-09 1.370019498837589179e-09 2.062726398989306536e-09 2.568486151609914021e-09 3.337990275121267628e-09 4.290510069548807723e-09 5.703480348491194380e-09 7.495448942179985323e-09 9.882152018387342475e-09 1.273883932483826429e-08 1.744334334561605080e-08 2.400602838140957149e-08 3.341040289620205360e-08 4.702487346217182978e-08 6.863513095852633296e-08 1.035225570084599808e-07 1.638287847567316529e-07 2.805394950386661183e-07 5.282655987851763790e-07 2.772306991644378373e-07
3.680437455106607963e-09 6.069266244362584746e-10 4.779120407177847831e-10 4.195875282227000429e-10 2.710854932074396759e-10 2.816659491784548363e-10 2.820054138929820021e-10 4.631744737104464600e-10 5.524473422954611791e-10 6.958005625970179354e-10 8.695754616306540738e-10 9.753505223988016368e-10 1.587973093909704486e-09 1.923459423370261995e-09 2.446309512288838628e-09 3.170701027140679046e-09 4.191396957864265075e-09 5.516543817018194750e-09 7.263837301373815455e-09 9.113789921414179692e-09 1.240622870529026057e-08 1.704476464241220277e-08 2.333090753423886595e-08 3.232650067459862032e-08 4.591756967713195481e-08 6.700854239653500104e-08 1.012909270820428735e-07 1.611257887335197144e-07 2.772306991644378373e-07 5.229243282589315695e-07
