1.717338278871778113e-07 5.122952996970751294e-07 4.108930838356910260e-07 3.762805217284621146e-07 3.611032459210249177e-07 3.559251064240551004e-07 3.537645745057314849e-07 3.554367185894048765e-07 3.550348946103989824e-07 3.529308902039896976e-07 3.544851071080074791e-07 3.524626587108330945e-07 3.527750095624150145e-07 3.546277915334567184e-07 3.534586565143174907e-07 3.421518910503037057e-07 2.115169147745570030e-07
5.122952996970751294e-07 1.803761366894510870e-07 5.249017134214988563e-07 4.191521900300074072e-07 3.830057995581920064e-07 3.694932639933912803e-07 3.641333758985992868e-07 3.621326173535097742e-07 3.617100545390661788e-07 3.619468229516108059e-07 3.613296844497927976e-07 3.616345864787502769e-07 3.610856008882916969e-07 3.608065846170973925e-07 3.602538294157130034e-07 3.504551029469115220e-07 2.250585984536750037e-07
4.108930838356910260e-07 5.249017134214988563e-07 1.807197378212163014e-07 5.262610348927467273e-07 4.193470269548533771e-07 3.841007265013892862e-07 3.702561625684573988e-07 3.649297423011094030e-07 3.632658928368973747e-07 3.624278501003478143e-07 3.616272556487100143e-07 3.615846390618611246e-07 3.618548800906110797e-07 3.615639639385982071e-07 3.602935613998107800e-07 3.512058883462248155e-07 2.279952742890515938e-07
3.762805217284621146e-07 4.191521900300074072e-07 5.262610348927467273e-07 1.809545659084054921e-07 5.263925154694889833e-07 4.196127258143767783e-07 3.837157051426822052e-07 3.711272893476231964e-07 3.658011031811528031e-07 3.638524428697436839e-07 3.625492902522838855e-07 3.625828137290471819e-07 3.620729885537352940e-07 3.617519661613281233e-07 3.604696582351929134e-07 3.513772093727211262e-07 2.294680981479157078e-07
3.611032459210249177e-07 3.830057995581920064e-07 4.193470269548533771e-07 5.263925154694889833e-07 1.809952611527504088e-07 5.264281717535724624e-07 4.195906739288053160e-07 3.842718708988374225e-07 3.707100976459479046e-07 3.655791091219053184e-07 3.629628346168511871e-07 3.625748020882274801e-07 3.621803870419140015e-07 3.618424526149055966e-07 3.605299466361766176e-07 3.514253846979359863e-07 2.296647772273999944e-07
3.559251064240551004e-07 3.694932639933912803e-07 3.841007265013892862e-07 4.196127258143767783e-07 5.264281717535724624e-07 1.809047938257743074e-07 5.266271276519065254e-07 4.196705370834459150e-07 3.841519892443752232e-07 3.712661889207601817e-07 3.649248454112515033e-07 3.638623750109436820e-07 3.629814196314337841e-07 3.625547010537109219e-07 3.604890883439225820e-07 3.513538557701907941e-07 2.299270023265918951e-07
3.537645745057314849e-07 3.641333758985992868e-07 3.702561625684573988e-07 3.837157051426822052e-07 4.195906739288053160e-07 5.266271276519065254e-07 1.807341707598306044e-07 5.266682313421247922e-07 4.200250912997703764e-07 3.843272826112587206e-07 3.703781878746308156e-07 3.655037961157377775e-07 3.633825207707961155e-07 3.624667061490105172e-07 3.609787283769591872e-07 3.514557161224590169e-07 2.298549713336655908e-07
3.554367185894048765e-07 3.621326173535097742e-07 3.649297423011094030e-07 3.711272893476231964e-07 3.842718708988374225e-07 4.196705370834459150e-07 5.266682313421247922e-07 1.813369665781019058e-07 5.265463097556303810e-07 4.205624577706338785e-07 3.834831169028807055e-07 3.701058480269281800e-07 3.651926995821788206e-07 3.637153850796417088e-07 3.617369769563197826e-07 3.513871082162480043e-07 2.302856055463288110e-07
3.550348946103989824e-07 3.617100545390661788e-07 3.632658928368973747e-07 3.658011031811528031e-07 3.707100976459479046e-07 3.841519892443752232e-07 4.200250912997703764e-07 5.265463097556303810e-07 1.812477271199889123e-07 5.267440841801229412e-07 4.200090050954659112e-07 3.839861027958695971e-07 3.708048572106630247e-07 3.656734621860599751e-07 3.624502284355388883e-07 3.520744966146401996e-07 2.302110538752322122e-07
3.529308902039896976e-07 3.619468229516108059e-07 3.624278501003478143e-07 3.638524428697436839e-07 3.655791091219053184e-07 3.712661889207601817e-07 3.843272826112587206e-07 4.205624577706338785e-07 5.267440841801229412e-07 1.811172447235939936e-07 5.268853966622367782e-07 4.203560159583561949e-07 3.842714676837333201e-07 3.709996036137150908e-07 3.639905906149458023e-07 3.528193446968299792e-07 2.303262728010268040e-07
3.544851071080074791e-07 3.613296844497927976e-07 3.616272556487100143e-07 3.625492902522838855e-07 3.629628346168511871e-07 3.649248454112515033e-07 3.703781878746308156e-07 3.834831169028807055e-07 4.200090050954659112e-07 5.268853966622367782e-07 1.806335295259496107e-07 5.260616197716098880e-07 4.195752682273026044e-07 3.834560265525561770e-07 3.692944269703484057e-07 3.543032577395200070e-07 2.296112821757837890e-07
3.524626587108330945e-07 3.616345864787502769e-07 3.615846390618611246e-07 3.625828137290471819e-07 3.625748020882274801e-07 3.638623750109436820e-07 3.655037961157377775e-07 3.701058480269281800e-07 3.839861027958695971e-07 4.203560159583561949e-07 5.260616197716098880e-07 1.812257963690990128e-07 5.269881913413788798e-07 4.201349289607128949e-07 3.821545732421592909e-07 3.593977195020714073e-07 2.295057921912820925e-07
3.527750095624150145e-07 3.610856008882916969e-07 3.618548800906110797e-07 3.620729885537352940e-07 3.621803870419140015e-07 3.629814196314337841e-07 3.633825207707961155e-07 3.651926995821788206e-07 3.708048572106630247e-07 3.842714676837333201e-07 4.195752682273026044e-07 5.269881913413788798e-07 1.811513374657754075e-07 5.262113099274216501e-07 4.185638241855511022e-07 3.726869581206106762e-07 2.293554739348685962e-07
3.546277915334567184e-07 3.608065846170973925e-07 3.615639639385982071e-07 3.617519661613281233e-07 3.618424526149055966e-07 3.625547010537109219e-07 3.624667061490105172e-07 3.637153850796417088e-07 3.656734621860599751e-07 3.709996036137150908e-07 3.834560265525561770e-07 4.201349289607128949e-07 5.262113099274216501e-07 1.807649636136483868e-07 5.239725375450332935e-07 4.071358169426677791e-07 2.281996622253520933e-07
3.534586565143174907e-07 3.602538294157130034e-07 3.602935613998107800e-07 3.604696582351929134e-07 3.605299466361766176e-07 3.604890883439225820e-07 3.609787283769591872e-07 3.617369769563197826e-07 3.624502284355388883e-07 3.639905906149458023e-07 3.692944269703484057e-07 3.821545732421592909e-07 4.185638241855511022e-07 5.239725375450332935e-07 1.798756853107397121e-07 5.090464361415625098e-07 2.241082501923911108e-07
3.421518910503037057e-07 3.504551029469115220e-07 3.512058883462248155e-07 3.513772093727211262e-07 3.514253846979359863e-07 3.513538557701907941e-07 3.514557161224590169e-07 3.513871082162480043e-07 3.520744966146401996e-07 3.528193446968299792e-07 3.543032577395200070e-07 3.593977195020714073e-07 3.726869581206106762e-07 4.071358169426677791e-07 5.090464361415625098e-07 1.704809149954237051e-07 2.091930769198634046e-07
2.115169147745570030e-07 2.250585984536750037e-07 2.279952742890515938e-07 2.294680981479157078e-07 2.296647772273999944e-07 2.299270023265918951e-07 2.298549713336655908e-07 2.302856055463288110e-07 2.302110538752322122e-07 2.303262728010268040e-07 2.296112821757837890e-07 2.295057921912820925e-07 2.293554739348685962e-07 2.281996622253520933e-07 2.241082501923911108e-07 2.091930769198634046e-07 2.176203094547674052e-08
