1.735821930669170959e-07 5.149137810498333312e-07 4.089536276240748113e-07 3.742084509570375952e-07 3.628055960552096769e-07 3.559251064240551004e-07 3.537645745057314849e-07 3.530152634345768075e-07 3.530859788681383239e-07 3.550248825555288744e-07 3.523989536418924923e-07 3.524626587108330945e-07 3.547385388735975972e-07 3.525007415554016753e-07 3.534586565143174907e-07 3.440634046800899911e-07 2.131193976483439010e-07
5.149137810498333312e-07 1.803761366894510870e-07 5.249017134214988563e-07 4.187333005273578933e-07 3.830057995581920064e-07 3.694932639933912803e-07 3.646605362779839013e-07 3.630493892448087929e-07 3.617100545390661788e-07 3.613604020207936831e-07 3.607518742644884924e-07 3.616345864787502769e-07 3.610856008882916969e-07 3.608065846170973925e-07 3.602538294157130034e-07 3.508578168905940238e-07 2.250585984536750037e-07
4.089536276240748113e-07 5.249017134214988563e-07 1.807861941283577886e-07 5.262610348927467273e-07 4.193470269548533771e-07 3.836899981567247155e-07 3.702561625684573988e-07 3.654531838637679747e-07 3.633102407875457829e-07 3.624278501003478143e-07 3.616272556487100143e-07 3.620283607472146142e-07 3.619038474640187935e-07 3.617763080302444251e-07 3.606005147592270748e-07 3.512025936877662993e-07 2.281940822263976046e-07
3.742084509570375952e-07 4.187333005273578933e-07 5.262610348927467273e-07 1.809545659084054921e-07 5.264429601241838561e-07 4.203767066207654845e-07 3.837157051426822052e-07 3.703167982669787251e-07 3.658011031811528031e-07 3.638524428697436839e-07 3.625492902522838855e-07 3.618789119480781831e-07 3.620729885537352940e-07 3.622237385138588148e-07 3.610359102290406161e-07 3.513772093727211262e-07 2.293643176044840041e-07
3.628055960552096769e-07 3.830057995581920064e-07 4.193470269548533771e-07 5.264429601241838561e-07 1.808196651168332955e-07 5.264281717535724624e-07 4.197237029557560164e-07 3.838475367744845172e-07 3.707481721785028176e-07 3.655791091219053184e-07 3.630319802987473804e-07 3.625748020882274801e-07 3.622398517345386954e-07 3.618424526149055966e-07 3.607278760945271823e-07 3.514253846979359863e-07 2.296647772273999944e-07
3.559251064240551004e-07 3.694932639933912803e-07 3.836899981567247155e-07 4.203767066207654845e-07 5.264281717535724624e-07 1.809047938257743074e-07 5.262904012684732950e-07 4.203823050544225086e-07 3.846137888938384832e-07 3.712661889207601817e-07 3.655583199711863144e-07 3.638623750109436820e-07 3.629814196314337841e-07 3.618780691742758031e-07 3.604890883439225820e-07 3.518148901487191088e-07 2.303040392953548876e-07
3.537645745057314849e-07 3.646605362779839013e-07 3.702561625684573988e-07 3.837157051426822052e-07 4.197237029557560164e-07 5.262904012684732950e-07 1.808958202881683010e-07 5.262303977170778490e-07 4.200250912997703764e-07 3.843272826112587206e-07 3.699820163790589856e-07 3.655037961157377775e-07 3.633825207707961155e-07 3.620262869452322236e-07 3.609787283769591872e-07 3.512311046693536884e-07 2.298549713336655908e-07
3.530152634345768075e-07 3.630493892448087929e-07 3.654531838637679747e-07 3.703167982669787251e-07 3.838475367744845172e-07 4.203823050544225086e-07 5.262303977170778490e-07 1.807691277621835986e-07 5.265463097556303810e-07 4.196972487135870910e-07 3.834831169028807055e-07 3.701058480269281800e-07 3.658731707568284825e-07 3.628682422859653060e-07 3.607960398315843164e-07 3.520176836958934811e-07 2.302856055463288110e-07
3.530859788681383239e-07 3.617100545390661788e-07 3.633102407875457829e-07 3.658011031811528031e-07 3.707481721785028176e-07 3.846137888938384832e-07 4.200250912997703764e-07 5.265463097556303810e-07 1.812477271199889123e-07 5.267440841801229412e-07 4.200090050954659112e-07 3.839861027958695971e-07 3.710034947401066800e-07 3.656734621860599751e-07 3.619808709931442204e-07 3.520744966146401996e-07 2.302110538752322122e-07
3.550248825555288744e-07 3.613604020207936831e-07 3.624278501003478143e-07 3.638524428697436839e-07 3.655791091219053184e-07 3.712661889207601817e-07 3.843272826112587206e-07 4.196972487135870910e-07 5.267440841801229412e-07 1.811172447235939936e-07 5.268853966622367782e-07 4.203560159583561949e-07 3.845597573498415106e-07 3.704945331893171146e-07 3.645978831518063227e-07 3.531209430011574252e-07 2.301672145593242118e-07
3.523989536418924923e-07 3.607518742644884924e-07 3.616272556487100143e-07 3.625492902522838855e-07 3.630319802987473804e-07 3.655583199711863144e-07 3.699820163790589856e-07 3.834831169028807055e-07 4.200090050954659112e-07 5.268853966622367782e-07 1.806335295259496107e-07 5.265270879853564567e-07 4.198530498570876916e-07 3.839600046395436172e-07 3.692944269703484057e-07 3.545930648742150797e-07 2.297678118366466019e-07
3.524626587108330945e-07 3.616345864787502769e-07 3.620283607472146142e-07 3.618789119480781831e-07 3.625748020882274801e-07 3.638623750109436820e-07 3.655037961157377775e-07 3.701058480269281800e-07 3.839861027958695971e-07 4.203560159583561949e-07 5.265270879853564567e-07 1.807163272028865031e-07 5.262438907783223842e-07 4.192684058146642774e-07 3.830435099106210781e-07 3.599603744756024175e-07 2.299362287734413037e-07
3.547385388735975972e-07 3.610856008882916969e-07 3.619038474640187935e-07 3.620729885537352940e-07 3.622398517345386954e-07 3.629814196314337841e-07 3.633825207707961155e-07 3.658731707568284825e-07 3.710034947401066800e-07 3.845597573498415106e-07 4.198530498570876916e-07 5.262438907783223842e-07 1.810362412715569974e-07 5.266626866848011851e-07 4.181234936891397123e-07 3.726869581206106762e-07 2.294056474861659946e-07
3.525007415554016753e-07 3.608065846170973925e-07 3.617763080302444251e-07 3.622237385138588148e-07 3.618424526149055966e-07 3.618780691742758031e-07 3.620262869452322236e-07 3.628682422859653060e-07 3.656734621860599751e-07 3.704945331893171146e-07 3.839600046395436172e-07 4.192684058146642774e-07 5.266626866848011851e-07 1.807649636136483868e-07 5.239725375450332935e-07 4.069905000465307829e-07 2.281996622253520933e-07
3.534586565143174907e-07 3.602538294157130034e-07 3.606005147592270748e-07 3.610359102290406161e-07 3.607278760945271823e-07 3.604890883439225820e-07 3.609787283769591872e-07 3.607960398315843164e-07 3.619808709931442204e-07 3.645978831518063227e-07 3.692944269703484057e-07 3.830435099106210781e-07 4.181234936891397123e-07 5.239725375450332935e-07 1.795023276149451884e-07 5.085088296753289192e-07 2.243971174556851920e-07
3.440634046800899911e-07 3.508578168905940238e-07 3.512025936877662993e-07 3.513772093727211262e-07 3.514253846979359863e-07 3.518148901487191088e-07 3.512311046693536884e-07 3.520176836958934811e-07 3.520744966146401996e-07 3.531209430011574252e-07 3.545930648742150797e-07 3.599603744756024175e-07 3.726869581206106762e-07 4.069905000465307829e-07 5.085088296753289192e-07 1.704809149954237051e-07 2.092161755050020871e-07
2.131193976483439010e-07 2.250585984536750037e-07 2.281940822263976046e-07 2.293643176044840041e-07 2.296647772273999944e-07 2.303040392953548876e-07 2.298549713336655908e-07 2.302856055463288110e-07 2.302110538752322122e-07 2.301672145593242118e-07 2.297678118366466019e-07 2.299362287734413037e-07 2.294056474861659946e-07 2.281996622253520933e-07 2.243971174556851920e-07 2.092161755050020871e-07 2.176203094547674052e-08
