3.434676557743556226e-07 1.601853351204462047e-07 5.843951812729691333e-08 2.359212793287883769e-08 8.374156881096697685e-09 3.286484711102981757e-09 1.296575858723069136e-09 2.365924124125132948e-09 2.053339603232285317e-09 7.981759321789270062e-11 2.117749694880057196e-09 -4.969655454437295602e-10 -1.101557905382307311e-10 2.129000032630520291e-09 1.849143316399940805e-09 -6.285183229783715140e-11 0.000000000000000000e+00
1.601853351204462047e-07 3.607522733789021739e-07 1.638058389108314945e-07 5.782148743215082819e-08 2.163440171599048422e-08 8.212333478165912388e-09 3.023068449317621807e-09 4.195140859567814422e-10 8.619072962617953896e-11 4.534415385656988780e-10 3.200182343920735278e-10 3.265342020020357865e-11 -4.418732669347975921e-10 -3.345156860020547712e-10 2.007415522204331260e-12 -4.019487379632700019e-10 0.000000000000000000e+00
5.843951812729691333e-08 1.638058389108314945e-07 3.614394756424326027e-07 1.645867311631249074e-07 5.763202798088666696e-08 2.247619485439867746e-08 8.802253987410492964e-09 2.873037901791222382e-09 1.298427895692134551e-09 5.908675555375193471e-10 2.739883015441022658e-10 -3.608951284541895660e-10 -1.619519638060270414e-11 7.926250373351894865e-11 -3.018617321452069779e-10 5.235529584835585989e-12 0.000000000000000000e+00
2.359212793287883769e-08 5.782148743215082819e-08 1.645867311631249074e-07 3.619091318168109842e-07 1.644426884083331089e-07 5.775336608019695232e-08 2.202696847444608224e-08 8.835756861115798580e-09 3.598810152758398723e-09 1.780632237744224633e-09 9.611948179288092633e-10 4.024514515426505226e-10 -3.291482044560551409e-11 3.243663927421794535e-11 -3.605929839522908162e-10 -5.827153110807092203e-11 0.000000000000000000e+00
8.374156881096697685e-09 2.163440171599048422e-08 5.763202798088666696e-08 1.644426884083331089e-07 3.619905223055008175e-07 1.645281167750477462e-07 5.786124201622430282e-08 2.193964316798508150e-08 8.467109373208610043e-09 3.466603245560916015e-09 1.334043938151167632e-09 3.537445663780585276e-10 3.378842338815881408e-11 8.222784850680103254e-11 -3.409998273135297788e-10 -5.079145023815401932e-11 0.000000000000000000e+00
3.286484711102981757e-09 8.212333478165912388e-09 2.247619485439867746e-08 5.775336608019695232e-08 1.645281167750477462e-07 3.618095876515486148e-07 1.649881630663016136e-07 5.742877667956972833e-08 2.199946829861197708e-08 9.244150371391880651e-09 3.386522059527585242e-09 1.731784816070361822e-09 9.252883398840957265e-10 8.849436142882277516e-10 -2.913907925914110348e-10 -3.185305100719185281e-11 0.000000000000000000e+00
1.296575858723069136e-09 3.023068449317621807e-09 8.802253987410492964e-09 2.202696847444608224e-08 5.786124201622430282e-08 1.649881630663016136e-07 3.614683415196612089e-07 1.645970940041923085e-07 5.804319341995083317e-08 2.247586712783412258e-08 9.010487588850600476e-09 3.543828986808160240e-09 1.497012545190129995e-09 9.675717755315259407e-10 3.688723063888970666e-10 2.406303672047338051e-10 0.000000000000000000e+00
2.365924124125132948e-09 4.195140859567814422e-10 2.873037901791222382e-09 8.835756861115798580e-09 2.193964316798508150e-08 5.742877667956972833e-08 1.645970940041923085e-07 3.626739331562038115e-07 1.639616160575395629e-07 5.810824646893795262e-08 2.151262079882916260e-08 7.543085079727287918e-09 2.704395538301507317e-09 1.613454887891442704e-09 5.243250674781646933e-10 -4.307733572776065650e-10 0.000000000000000000e+00
2.053339603232285317e-09 8.619072962617953896e-11 1.298427895692134551e-09 3.598810152758398723e-09 8.467109373208610043e-09 2.199946829861197708e-08 5.804319341995083317e-08 1.639616160575395629e-07 3.624954542399778246e-07 1.643791123365400618e-07 5.812774844952741467e-08 2.151257930678164558e-08 8.405792624898704902e-09 3.660771452422649486e-09 1.326816004810263858e-09 3.458544992275822464e-10 0.000000000000000000e+00
7.981759321789270062e-11 4.534415385656988780e-10 5.908675555375193471e-10 1.780632237744224633e-09 3.466603245560916015e-09 9.244150371391880651e-09 2.247586712783412258e-08 5.810824646893795262e-08 1.643791123365400618e-07 3.622344894471879872e-07 1.651346224126931739e-07 5.801297486566318850e-08 2.200288549436389252e-08 9.117395276472710412e-09 2.997660580612070087e-09 1.221184977812254074e-09 0.000000000000000000e+00
2.117749694880057196e-09 3.200182343920735278e-10 2.739883015441022658e-10 9.611948179288092633e-10 1.334043938151167632e-09 3.386522059527585242e-09 9.010487588850600476e-09 2.151262079882916260e-08 5.812774844952741467e-08 1.651346224126931739e-07 3.612670590518992213e-07 1.642022938765612645e-07 5.779040123557755977e-08 2.205753341295817956e-08 8.785212133659056476e-09 3.188813218146664765e-09 0.000000000000000000e+00
-4.969655454437295602e-10 3.265342020020357865e-11 -3.608951284541895660e-10 4.024514515426505226e-10 3.537445663780585276e-10 1.731784816070361822e-09 3.543828986808160240e-09 7.543085079727287918e-09 2.151257930678164558e-08 5.801297486566318850e-08 1.642022938765612645e-07 3.624515927381980256e-07 1.646110575065044860e-07 5.814416897796549534e-08 2.105309156232059240e-08 7.691008137548715895e-09 0.000000000000000000e+00
-1.101557905382307311e-10 -4.418732669347975921e-10 -1.619519638060270414e-11 -3.291482044560551409e-11 3.378842338815881408e-11 9.252883398840957265e-10 1.497012545190129995e-09 2.704395538301507317e-09 8.405792624898704902e-09 2.200288549436389252e-08 5.779040123557755977e-08 1.646110575065044860e-07 3.623026749315508150e-07 1.642950088479978822e-07 5.753680140903598257e-08 2.105470565941156364e-08 0.000000000000000000e+00
2.129000032630520291e-09 -3.345156860020547712e-10 7.926250373351894865e-11 3.243663927421794535e-11 8.222784850680103254e-11 8.849436142882277516e-10 9.675717755315259407e-10 1.613454887891442704e-09 3.660771452422649486e-09 9.117395276472710412e-09 2.205753341295817956e-08 5.814416897796549534e-08 1.642950088479978822e-07 3.615299272272967736e-07 1.633318886206452210e-07 5.588993833359571364e-08 0.000000000000000000e+00
1.849143316399940805e-09 2.007415522204331260e-12 -3.018617321452069779e-10 -3.605929839522908162e-10 -3.409998273135297788e-10 -2.913907925914110348e-10 3.688723063888970666e-10 5.243250674781646933e-10 1.326816004810263858e-09 2.997660580612070087e-09 8.785212133659056476e-09 2.105309156232059240e-08 5.753680140903598257e-08 1.633318886206452210e-07 3.597513706214794243e-07 1.586898358353990926e-07 0.000000000000000000e+00
-6.285183229783715140e-11 -4.019487379632700019e-10 5.235529584835585989e-12 -5.827153110807092203e-11 -5.079145023815401932e-11 -3.185305100719185281e-11 2.406303672047338051e-10 -4.307733572776065650e-10 3.458544992275822464e-10 1.221184977812254074e-09 3.188813218146664765e-09 7.691008137548715895e-09 2.105470565941156364e-08 5.588993833359571364e-08 1.586898358353990926e-07 3.409618299908474102e-07 0.000000000000000000e+00
0.000000000000000000e+00 0.000000000000000000e+00 0.000000000000000000e+00 0.000000000000000000e+00 0.000000000000000000e+00 0.000000000000000000e+00 0.000000000000000000e+00 0.000000000000000000e+00 0.000000000000000000e+00 0.000000000000000000e+00 0.000000000000000000e+00 0.000000000000000000e+00 0.000000000000000000e+00 0.000000000000000000e+00 0.000000000000000000e+00 0.000000000000000000e+00 0.000000000000000000e+00
